3
6
8
10
12
13
15
16
21
23
26
31
32
37
38
41
44
45
49
51
52
53
55
56
58
63
64
65
66
69
72
75
77
82
83
84
85
90
92
98
101
104
106
109
112
113
115
116
118
119
122
125
126
133
135
138
142
143
147
148
151
154
155
156
159
162
164
170
172
173
174
176
178
183
186
190
191
194
195
199
200
206
208
216
218
220
221
222
223
224
227
232
233
234
235
237
240
242
243
246
247
252
253
254
255
257
258
260
261
266
267
270
271
272
273
274
281
286
287
289
291
297
299
306
312
319
326
328
330
331
335
336
338
344
345
346
350
355
361
366
376
377
378
382
383
386
388
389
394
395
