
               Semester         Last 4 Weeks        Last Week
Problem    Tries Okay Ratio   Tries Okay Ratio  Tries Okay Ratio

      1       19    7    36 %     6    0     0 %    0    0     0 %
      2       20    9    45 %     8    4    50 %    1    0     0 %
      3       26    9    34 %    14    4    28 %    1    0     0 %
      4       18    9    50 %     8    4    50 %    1    1   100 %
      5       15    4    26 %     6    2    33 %    3    1    33 %

      6       23   10    43 %     8    3    37 %    1    0     0 %
      7       21   10    47 %    10    4    40 %    2    1    50 %
      8       25    8    32 %    17    7    41 %    3    2    66 %
      9       18    9    50 %     8    3    37 %    2    0     0 %
     10       11    4    36 %     5    1    20 %    1    1   100 %

     11       20    7    35 %    11    5    45 %    2    0     0 %
     12       16    7    43 %    10    3    30 %    0    0     0 %
     13       17    8    47 %     8    4    50 %    3    1    33 %
     14       29    8    27 %    16    4    25 %    4    0     0 %
     15       17    8    47 %     9    5    55 %    3    2    66 %

     16       17    6    35 %     9    4    44 %    1    0     0 %
     17       20   10    50 %     6    3    50 %    1    0     0 %
     18       18    6    33 %     9    4    44 %    3    1    33 %
     19       18    6    33 %    10    4    40 %    5    1    20 %
     20       23   13    56 %    11    9    81 %    2    2   100 %

     21       18    8    44 %     8    4    50 %    2    1    50 %
     22       11    3    27 %     5    0     0 %    0    0     0 %
     23       11    3    27 %     4    3    75 %    1    1   100 %
     24       14    4    28 %     8    1    12 %    3    0     0 %
     25       18    8    44 %     5    3    60 %    1    0     0 %

               Semester         Last 4 Weeks        Last Week
Problem    Tries Okay Ratio   Tries Okay Ratio  Tries Okay Ratio

     26       28   10    35 %    13    5    38 %    3    2    66 %
     27       16    4    25 %     7    3    42 %    2    1    50 %
     28       19    7    36 %     7    0     0 %    0    0     0 %
     29       13    6    46 %     3    1    33 %    2    0     0 %
     30       12    5    41 %     2    2   100 %    1    1   100 %

     31       20    8    40 %    10    5    50 %    2    1    50 %
     32       15    5    33 %     7    2    28 %    1    1   100 %
     33       19   10    52 %     5    2    40 %    1    1   100 %
     34       22   12    54 %    10    3    30 %    2    0     0 %
     35       22   11    50 %    11    5    45 %    2    1    50 %

     36       17    6    35 %     8    2    25 %    0    0     0 %
     37       17    5    29 %    11    3    27 %    1    1   100 %
     38       22   11    50 %    13    5    38 %    2    1    50 %
     39       27   13    48 %    14    7    50 %    2    1    50 %
     40       22   11    50 %     8    3    37 %    4    2    50 %

     41       24   11    45 %     7    4    57 %    3    3   100 %
     42       23    5    21 %     6    2    33 %    4    1    25 %
     43       20    8    40 %     7    4    57 %    2    0     0 %
     44       23    9    39 %    10    5    50 %    3    1    33 %
     45       16    6    37 %     8    3    37 %    2    1    50 %

     46       19    5    26 %     9    3    33 %    0    0     0 %
     47       12    7    58 %     6    4    66 %    2    2   100 %
     48       16    6    37 %     9    4    44 %    5    2    40 %
     49       17    4    23 %     5    1    20 %    1    1   100 %
     50       16    6    37 %     8    3    37 %    2    1    50 %

               Semester         Last 4 Weeks        Last Week
Problem    Tries Okay Ratio   Tries Okay Ratio  Tries Okay Ratio

     51       15    9    60 %     7    4    57 %    1    1   100 %
     52       19   10    52 %     8    4    50 %    3    1    33 %
     53       20    8    40 %     7    3    42 %    1    1   100 %
     54       16    8    50 %    10    6    60 %    2    1    50 %
     55       16    7    43 %     4    2    50 %    0    0     0 %

     56       15    7    46 %     7    2    28 %    1    1   100 %
     57       13    4    30 %     3    1    33 %    1    0     0 %
     58       19   10    52 %    10    8    80 %    2    1    50 %
     59       17    7    41 %     5    2    40 %    0    0     0 %
     60       18    8    44 %     6    3    50 %    2    2   100 %

     61       13    5    38 %     3    1    33 %    1    0     0 %
     62       21    8    38 %    11    4    36 %    1    0     0 %
     63       21   11    52 %    10    6    60 %    3    2    66 %
     64       17    6    35 %     4    2    50 %    2    1    50 %
     65       13    4    30 %     4    1    25 %    0    0     0 %

     66       16    8    50 %     8    4    50 %    1    1   100 %
     67       20    3    15 %     7    0     0 %    1    0     0 %
     68       22   11    50 %     9    2    22 %    5    1    20 %
     69       17    7    41 %     4    1    25 %    2    1    50 %
     70       24   14    58 %    12    7    58 %    3    0     0 %

     71       21   10    47 %     7    2    28 %    4    1    25 %
     72       13    4    30 %     2    0     0 %    1    0     0 %
     73       11    2    18 %     4    0     0 %    0    0     0 %
     74       15    6    40 %     8    4    50 %    4    2    50 %
     75       18    5    27 %    10    4    40 %    1    0     0 %

               Semester         Last 4 Weeks        Last Week
Problem    Tries Okay Ratio   Tries Okay Ratio  Tries Okay Ratio

     76       18    5    27 %     6    2    33 %    1    1   100 %
     77       14    3    21 %     7    2    28 %    3    1    33 %
     78       10    2    20 %     2    1    50 %    1    0     0 %
     79       14    4    28 %     6    2    33 %    1    0     0 %
     80       14    8    57 %     7    5    71 %    2    0     0 %

     81       14    5    35 %     6    3    50 %    2    0     0 %
     82       17    7    41 %     5    2    40 %    1    1   100 %
     83       15    4    26 %     4    0     0 %    0    0     0 %
     84       13    4    30 %     6    3    50 %    2    1    50 %
     85       19    5    26 %    10    3    30 %    3    1    33 %

     86       13    4    30 %     4    1    25 %    3    0     0 %
     87       13    6    46 %     5    2    40 %    1    0     0 %
     88       23   10    43 %    11    2    18 %    3    0     0 %
     89       18    8    44 %     9    5    55 %    3    2    66 %
     90       17    8    47 %     6    2    33 %    0    0     0 %

     91       13    3    23 %     5    2    40 %    1    0     0 %
     92       18    6    33 %    10    3    30 %    1    0     0 %
     93       16    6    37 %     8    2    25 %    1    0     0 %
     94       12    5    41 %     6    3    50 %    0    0     0 %
     95        8    0     0 %     1    0     0 %    0    0     0 %

     96       11    2    18 %     4    0     0 %    0    0     0 %
     97       19   11    57 %     7    3    42 %    3    2    66 %
     98       19    9    47 %     9    4    44 %    2    1    50 %
     99       12    5    41 %     7    3    42 %    1    0     0 %
    100       15    5    33 %     5    0     0 %    1    0     0 %

               Semester         Last 4 Weeks        Last Week
Problem    Tries Okay Ratio   Tries Okay Ratio  Tries Okay Ratio

    101       19   10    52 %     7    4    57 %    2    1    50 %
    102       13    3    23 %     5    2    40 %    1    0     0 %
    103       14    4    28 %     5    1    20 %    2    0     0 %
    104       20   10    50 %    11    6    54 %    6    5    83 %
    105       19    7    36 %     7    4    57 %    1    0     0 %

    106       22   11    50 %     6    1    16 %    0    0     0 %
    107       18    6    33 %     8    2    25 %    2    0     0 %
    108       30   12    40 %    13    3    23 %    2    0     0 %
    109       20   10    50 %     6    2    33 %    1    0     0 %
    110       15    7    46 %    12    7    58 %    5    4    80 %

    111       18    3    16 %     5    1    20 %    2    1    50 %
    112       23    9    39 %     9    2    22 %    2    1    50 %
    113       20    9    45 %    10    4    40 %    4    3    75 %
    114       12    7    58 %     2    2   100 %    0    0     0 %
    115       14    7    50 %     7    3    42 %    1    0     0 %

    116       16    6    37 %     4    1    25 %    1    0     0 %
    117       18    7    38 %    10    4    40 %    3    2    66 %
    118       19    8    42 %     8    2    25 %    3    2    66 %
    119       19    5    26 %     7    0     0 %    2    0     0 %
    120       17    6    35 %     5    2    40 %    0    0     0 %

    121       22    9    40 %    13    7    53 %    4    1    25 %
    122       13    4    30 %     2    0     0 %    1    0     0 %
    123       14    4    28 %     7    3    42 %    1    0     0 %
    124       21    7    33 %     9    4    44 %    3    2    66 %
    125       19    6    31 %     8    3    37 %    2    1    50 %

               Semester         Last 4 Weeks        Last Week
Problem    Tries Okay Ratio   Tries Okay Ratio  Tries Okay Ratio

    126       16    7    43 %     7    5    71 %    1    0     0 %
    127       14    4    28 %     8    3    37 %    1    0     0 %
    128       16    6    37 %     6    1    16 %    0    0     0 %
    129       20   11    55 %     4    2    50 %    0    0     0 %
    130       19    6    31 %     7    2    28 %    3    1    33 %

    131       21   10    47 %     9    3    33 %    2    1    50 %
    132       15    2    13 %     4    1    25 %    2    1    50 %
    133       20    5    25 %     8    1    12 %    2    0     0 %
    134       13    4    30 %     4    1    25 %    0    0     0 %
    135       18    8    44 %     4    3    75 %    2    2   100 %

    136       17    5    29 %     5    1    20 %    2    0     0 %
    137       17    7    41 %     6    2    33 %    1    0     0 %
    138       16    5    31 %     5    2    40 %    0    0     0 %
    139       16   10    62 %     9    5    55 %    3    1    33 %
    140       15    3    20 %     8    1    12 %    1    0     0 %

    141       18    8    44 %     6    2    33 %    1    0     0 %
    142       20   10    50 %     7    4    57 %    2    2   100 %
    143       16    5    31 %     7    0     0 %    1    0     0 %
    144       18   10    55 %    10    6    60 %    0    0     0 %
    145       18    5    27 %     8    2    25 %    3    0     0 %

    146        9    4    44 %     5    2    40 %    0    0     0 %
    147       20    3    15 %     7    1    14 %    2    0     0 %
    148       16    8    50 %     6    4    66 %    2    2   100 %
    149       14    5    35 %     7    2    28 %    2    1    50 %
    150       12    5    41 %     5    3    60 %    2    0     0 %

Generated 10:21 AM 01/03/2012
